(kicad_pcb (version 20170123) (host pcbnew "(2017-05-03 revision c70adcdf3)-master")

  (general
    (links 50)
    (no_connects 2)
    (area 12 154 91.000001 197.13)
    (thickness 1.6)
    (drawings 0)
    (tracks 135)
    (zones 0)
    (modules 25)
    (nets 31)
  )

  (page A4)
  (layers
    (0 F.Cu signal)
    (31 B.Cu signal)
    (32 B.Adhes user)
    (33 F.Adhes user)
    (34 B.Paste user)
    (35 F.Paste user)
    (36 B.SilkS user)
    (37 F.SilkS user)
    (38 B.Mask user)
    (39 F.Mask user)
    (40 Dwgs.User user)
    (41 Cmts.User user)
    (42 Eco1.User user)
    (43 Eco2.User user)
    (44 Edge.Cuts user)
    (45 Margin user)
    (46 B.CrtYd user)
    (47 F.CrtYd user)
    (48 B.Fab user)
    (49 F.Fab user)
  )

  (setup
    (last_trace_width 0.3)
    (trace_clearance 0.2)
    (zone_clearance 0.508)
    (zone_45_only no)
    (trace_min 0.2)
    (segment_width 0.2)
    (edge_width 0.1)
    (via_size 0.8)
    (via_drill 0.4)
    (via_min_size 0.4)
    (via_min_drill 0.3)
    (uvia_size 0.3)
    (uvia_drill 0.1)
    (uvias_allowed no)
    (uvia_min_size 0.2)
    (uvia_min_drill 0.1)
    (pcb_text_width 0.3)
    (pcb_text_size 1.5 1.5)
    (mod_edge_width 0.15)
    (mod_text_size 1 1)
    (mod_text_width 0.15)
    (pad_size 2.3 2.3)
    (pad_drill 1)
    (pad_to_mask_clearance 0)
    (aux_axis_origin 0 0)
    (visible_elements FFFFEF7F)
    (pcbplotparams
      (layerselection 0x00030_ffffffff)
      (usegerberextensions false)
      (excludeedgelayer true)
      (linewidth 0.100000)
      (plotframeref false)
      (viasonmask false)
      (mode 1)
      (useauxorigin false)
      (hpglpennumber 1)
      (hpglpenspeed 20)
      (hpglpendiameter 15)
      (psnegative false)
      (psa4output false)
      (plotreference true)
      (plotvalue true)
      (plotinvisibletext false)
      (padsonsilk false)
      (subtractmaskfromsilk false)
      (outputformat 1)
      (mirror false)
      (drillshape 1)
      (scaleselection 1)
      (outputdirectory ""))
  )

  (net 0 "")
  (net 1 /data-)
  (net 2 GND)
  (net 3 /data+)
  (net 4 +5V)
  (net 5 "Net-(R9-Pad1)")
  (net 6 "Net-(R8-Pad1)")
  (net 7 "Net-(D2-Pad2)")
  (net 8 /tx)
  (net 9 "Net-(J1-Pad2)")
  (net 10 "Net-(D1-Pad2)")
  (net 11 /reset)
  (net 12 "Net-(D1-Pad1)")
  (net 13 "Net-(D2-Pad1)")
  (net 14 "Net-(U1-Pad28)")
  (net 15 "Net-(U1-Pad27)")
  (net 16 "Net-(U1-Pad13)")
  (net 17 "Net-(U1-Pad26)")
  (net 18 "Net-(U1-Pad12)")
  (net 19 "Net-(JP1-Pad1)")
  (net 20 "Net-(U1-Pad11)")
  (net 21 "Net-(C2-Pad1)")
  (net 22 "Net-(C1-Pad1)")
  (net 23 "Net-(U1-Pad21)")
  (net 24 "Net-(U1-Pad6)")
  (net 25 /sck)
  (net 26 "Net-(U1-Pad5)")
  (net 27 /miso)
  (net 28 /mosi)
  (net 29 /ss)
  (net 30 /rx)

  (net_class Default "This is the default net class."
    (clearance 0.2)
    (trace_width 0.3)
    (via_dia 0.8)
    (via_drill 0.4)
    (uvia_dia 0.3)
    (uvia_drill 0.1)
  )

  (net_class thick ""
    (clearance 0.5)
    (trace_width 0.5)
    (via_dia 1.2)
    (via_drill 0.5)
    (uvia_dia 0.3)
    (uvia_drill 0.1)
    (add_net +5V)
    (add_net /data+)
    (add_net /data-)
    (add_net /miso)
    (add_net /mosi)
    (add_net /reset)
    (add_net /rx)
    (add_net /sck)
    (add_net /ss)
    (add_net /tx)
    (add_net GND)
    (add_net "Net-(C1-Pad1)")
    (add_net "Net-(C2-Pad1)")
    (add_net "Net-(D1-Pad1)")
    (add_net "Net-(D1-Pad2)")
    (add_net "Net-(D2-Pad1)")
    (add_net "Net-(D2-Pad2)")
    (add_net "Net-(J1-Pad2)")
    (add_net "Net-(JP1-Pad1)")
    (add_net "Net-(R8-Pad1)")
    (add_net "Net-(R9-Pad1)")
    (add_net "Net-(U1-Pad11)")
    (add_net "Net-(U1-Pad12)")
    (add_net "Net-(U1-Pad13)")
    (add_net "Net-(U1-Pad21)")
    (add_net "Net-(U1-Pad26)")
    (add_net "Net-(U1-Pad27)")
    (add_net "Net-(U1-Pad28)")
    (add_net "Net-(U1-Pad5)")
    (add_net "Net-(U1-Pad6)")
  )

  (module Housings_DIP:DIP-28_W7.62mm (layer B.Cu) (tedit 58CC8E2F) (tstamp 59279AAC)
    (at 54.298333 193.3475)
    (descr "28-lead dip package, row spacing 7.62 mm (300 mils)")
    (tags "DIL DIP PDIP 2.54mm 7.62mm 300mil")
    (path /5921E579)
    (fp_text reference U1 (at 3.81 2.39) (layer B.SilkS)
      (effects (font (size 1 1) (thickness 0.15)) (justify mirror))
    )
    (fp_text value ATMEGA8-16PU (at 3.81 -35.41) (layer B.Fab)
      (effects (font (size 1 1) (thickness 0.15)) (justify mirror))
    )
    (fp_arc (start 3.81 1.39) (end 2.81 1.39) (angle 180) (layer B.SilkS) (width 0.12))
    (fp_line (start 8.7 1.6) (end -1.1 1.6) (layer B.CrtYd) (width 0.05))
    (fp_line (start 8.7 -34.6) (end 8.7 1.6) (layer B.CrtYd) (width 0.05))
    (fp_line (start -1.1 -34.6) (end 8.7 -34.6) (layer B.CrtYd) (width 0.05))
    (fp_line (start -1.1 1.6) (end -1.1 -34.6) (layer B.CrtYd) (width 0.05))
    (fp_line (start 6.58 1.39) (end 4.81 1.39) (layer B.SilkS) (width 0.12))
    (fp_line (start 6.58 -34.41) (end 6.58 1.39) (layer B.SilkS) (width 0.12))
    (fp_line (start 1.04 -34.41) (end 6.58 -34.41) (layer B.SilkS) (width 0.12))
    (fp_line (start 1.04 1.39) (end 1.04 -34.41) (layer B.SilkS) (width 0.12))
    (fp_line (start 2.81 1.39) (end 1.04 1.39) (layer B.SilkS) (width 0.12))
    (fp_line (start 0.635 0.27) (end 1.635 1.27) (layer B.Fab) (width 0.1))
    (fp_line (start 0.635 -34.29) (end 0.635 0.27) (layer B.Fab) (width 0.1))
    (fp_line (start 6.985 -34.29) (end 0.635 -34.29) (layer B.Fab) (width 0.1))
    (fp_line (start 6.985 1.27) (end 6.985 -34.29) (layer B.Fab) (width 0.1))
    (fp_line (start 1.635 1.27) (end 6.985 1.27) (layer B.Fab) (width 0.1))
    (fp_text user %R (at 3.81 -16.51) (layer B.Fab)
      (effects (font (size 1 1) (thickness 0.15)) (justify mirror))
    )
    (pad 28 thru_hole oval (at 7.62 0) (size 1.6 1.6) (drill 0.8) (layers *.Cu *.Mask)
      (net 14 "Net-(U1-Pad28)"))
    (pad 14 thru_hole oval (at 0 -33.02) (size 1.6 1.6) (drill 0.8) (layers *.Cu *.Mask)
      (net 6 "Net-(R8-Pad1)"))
    (pad 27 thru_hole oval (at 7.62 -2.54) (size 1.6 1.6) (drill 0.8) (layers *.Cu *.Mask)
      (net 15 "Net-(U1-Pad27)"))
    (pad 13 thru_hole oval (at 0 -30.48) (size 1.6 1.6) (drill 0.8) (layers *.Cu *.Mask)
      (net 16 "Net-(U1-Pad13)"))
    (pad 26 thru_hole oval (at 7.62 -5.08) (size 1.6 1.6) (drill 0.8) (layers *.Cu *.Mask)
      (net 17 "Net-(U1-Pad26)"))
    (pad 12 thru_hole oval (at 0 -27.94) (size 1.6 1.6) (drill 0.8) (layers *.Cu *.Mask)
      (net 18 "Net-(U1-Pad12)"))
    (pad 25 thru_hole oval (at 7.62 -7.62) (size 1.6 1.6) (drill 0.8) (layers *.Cu *.Mask)
      (net 19 "Net-(JP1-Pad1)"))
    (pad 11 thru_hole oval (at 0 -25.4) (size 1.6 1.6) (drill 0.8) (layers *.Cu *.Mask)
      (net 20 "Net-(U1-Pad11)"))
    (pad 24 thru_hole oval (at 7.62 -10.16) (size 1.6 1.6) (drill 0.8) (layers *.Cu *.Mask)
      (net 13 "Net-(D2-Pad1)"))
    (pad 10 thru_hole oval (at 0 -22.86) (size 1.6 1.6) (drill 0.8) (layers *.Cu *.Mask)
      (net 21 "Net-(C2-Pad1)"))
    (pad 23 thru_hole oval (at 7.62 -12.7) (size 1.6 1.6) (drill 0.8) (layers *.Cu *.Mask)
      (net 12 "Net-(D1-Pad1)"))
    (pad 9 thru_hole oval (at 0 -20.32) (size 1.6 1.6) (drill 0.8) (layers *.Cu *.Mask)
      (net 22 "Net-(C1-Pad1)"))
    (pad 22 thru_hole oval (at 7.62 -15.24) (size 1.6 1.6) (drill 0.8) (layers *.Cu *.Mask)
      (net 2 GND))
    (pad 8 thru_hole oval (at 0 -17.78) (size 1.6 1.6) (drill 0.8) (layers *.Cu *.Mask)
      (net 2 GND))
    (pad 21 thru_hole oval (at 7.62 -17.78) (size 1.6 1.6) (drill 0.8) (layers *.Cu *.Mask)
      (net 23 "Net-(U1-Pad21)"))
    (pad 7 thru_hole oval (at 0 -15.24) (size 1.6 1.6) (drill 0.8) (layers *.Cu *.Mask)
      (net 4 +5V))
    (pad 20 thru_hole oval (at 7.62 -20.32) (size 1.6 1.6) (drill 0.8) (layers *.Cu *.Mask)
      (net 4 +5V))
    (pad 6 thru_hole oval (at 0 -12.7) (size 1.6 1.6) (drill 0.8) (layers *.Cu *.Mask)
      (net 24 "Net-(U1-Pad6)"))
    (pad 19 thru_hole oval (at 7.62 -22.86) (size 1.6 1.6) (drill 0.8) (layers *.Cu *.Mask)
      (net 25 /sck))
    (pad 5 thru_hole oval (at 0 -10.16) (size 1.6 1.6) (drill 0.8) (layers *.Cu *.Mask)
      (net 26 "Net-(U1-Pad5)"))
    (pad 18 thru_hole oval (at 7.62 -25.4) (size 1.6 1.6) (drill 0.8) (layers *.Cu *.Mask)
      (net 27 /miso))
    (pad 4 thru_hole oval (at 0 -7.62) (size 1.6 1.6) (drill 0.8) (layers *.Cu *.Mask)
      (net 5 "Net-(R9-Pad1)"))
    (pad 17 thru_hole oval (at 7.62 -27.94) (size 1.6 1.6) (drill 0.8) (layers *.Cu *.Mask)
      (net 28 /mosi))
    (pad 3 thru_hole oval (at 0 -5.08) (size 1.6 1.6) (drill 0.8) (layers *.Cu *.Mask)
      (net 8 /tx))
    (pad 16 thru_hole oval (at 7.62 -30.48) (size 1.6 1.6) (drill 0.8) (layers *.Cu *.Mask)
      (net 29 /ss))
    (pad 2 thru_hole oval (at 0 -2.54) (size 1.6 1.6) (drill 0.8) (layers *.Cu *.Mask)
      (net 30 /rx))
    (pad 15 thru_hole oval (at 7.62 -33.02) (size 1.6 1.6) (drill 0.8) (layers *.Cu *.Mask)
      (net 5 "Net-(R9-Pad1)"))
    (pad 1 thru_hole rect (at 0 0) (size 1.6 1.6) (drill 0.8) (layers *.Cu *.Mask)
      (net 11 /reset))
    (model ${KISYS3DMOD}/Housings_DIP.3dshapes/DIP-28_W7.62mm.wrl
      (at (xyz 0 0 0))
      (scale (xyz 1 1 1))
      (rotate (xyz 0 0 0))
    )
  )

  (module Resistors_SMD:R_1206 (layer F.Cu) (tedit 58E0A804) (tstamp 59292F2A)
    (at 58 173)
    (descr "Resistor SMD 1206, reflow soldering, Vishay (see dcrcw.pdf)")
    (tags "resistor 1206")
    (path /59277BB0)
    (attr smd)
    (fp_text reference R3 (at 0 -1.85) (layer F.SilkS)
      (effects (font (size 1 1) (thickness 0.15)))
    )
    (fp_text value 0 (at 0 1.95) (layer F.Fab)
      (effects (font (size 1 1) (thickness 0.15)))
    )
    (fp_line (start 2.15 1.1) (end -2.15 1.1) (layer F.CrtYd) (width 0.05))
    (fp_line (start 2.15 1.1) (end 2.15 -1.11) (layer F.CrtYd) (width 0.05))
    (fp_line (start -2.15 -1.11) (end -2.15 1.1) (layer F.CrtYd) (width 0.05))
    (fp_line (start -2.15 -1.11) (end 2.15 -1.11) (layer F.CrtYd) (width 0.05))
    (fp_line (start -1 -1.07) (end 1 -1.07) (layer F.SilkS) (width 0.12))
    (fp_line (start 1 1.07) (end -1 1.07) (layer F.SilkS) (width 0.12))
    (fp_line (start -1.6 -0.8) (end 1.6 -0.8) (layer F.Fab) (width 0.1))
    (fp_line (start 1.6 -0.8) (end 1.6 0.8) (layer F.Fab) (width 0.1))
    (fp_line (start 1.6 0.8) (end -1.6 0.8) (layer F.Fab) (width 0.1))
    (fp_line (start -1.6 0.8) (end -1.6 -0.8) (layer F.Fab) (width 0.1))
    (fp_text user %R (at 0 0) (layer F.Fab)
      (effects (font (size 0.7 0.7) (thickness 0.105)))
    )
    (pad 2 smd rect (at 1.45 0) (size 0.9 1.7) (layers F.Cu F.Paste F.Mask)
      (net 4 +5V))
    (pad 1 smd rect (at -1.45 0) (size 0.9 1.7) (layers F.Cu F.Paste F.Mask)
      (net 4 +5V))
    (model ${KISYS3DMOD}/Resistors_SMD.3dshapes/R_1206.wrl
      (at (xyz 0 0 0))
      (scale (xyz 1 1 1))
      (rotate (xyz 0 0 0))
    )
  )

  (module Resistors_SMD:R_1206 (layer F.Cu) (tedit 58E0A804) (tstamp 5929B376)
    (at 73 193)
    (descr "Resistor SMD 1206, reflow soldering, Vishay (see dcrcw.pdf)")
    (tags "resistor 1206")
    (path /59278315)
    (attr smd)
    (fp_text reference R4 (at 0 -1.85) (layer F.SilkS)
      (effects (font (size 1 1) (thickness 0.15)))
    )
    (fp_text value 0 (at 0 1.95) (layer F.Fab)
      (effects (font (size 1 1) (thickness 0.15)))
    )
    (fp_line (start 2.15 1.1) (end -2.15 1.1) (layer F.CrtYd) (width 0.05))
    (fp_line (start 2.15 1.1) (end 2.15 -1.11) (layer F.CrtYd) (width 0.05))
    (fp_line (start -2.15 -1.11) (end -2.15 1.1) (layer F.CrtYd) (width 0.05))
    (fp_line (start -2.15 -1.11) (end 2.15 -1.11) (layer F.CrtYd) (width 0.05))
    (fp_line (start -1 -1.07) (end 1 -1.07) (layer F.SilkS) (width 0.12))
    (fp_line (start 1 1.07) (end -1 1.07) (layer F.SilkS) (width 0.12))
    (fp_line (start -1.6 -0.8) (end 1.6 -0.8) (layer F.Fab) (width 0.1))
    (fp_line (start 1.6 -0.8) (end 1.6 0.8) (layer F.Fab) (width 0.1))
    (fp_line (start 1.6 0.8) (end -1.6 0.8) (layer F.Fab) (width 0.1))
    (fp_line (start -1.6 0.8) (end -1.6 -0.8) (layer F.Fab) (width 0.1))
    (fp_text user %R (at 0 0) (layer F.Fab)
      (effects (font (size 0.7 0.7) (thickness 0.105)))
    )
    (pad 2 smd rect (at 1.45 0) (size 0.9 1.7) (layers F.Cu F.Paste F.Mask)
      (net 2 GND))
    (pad 1 smd rect (at -1.45 0) (size 0.9 1.7) (layers F.Cu F.Paste F.Mask)
      (net 2 GND))
    (model ${KISYS3DMOD}/Resistors_SMD.3dshapes/R_1206.wrl
      (at (xyz 0 0 0))
      (scale (xyz 1 1 1))
      (rotate (xyz 0 0 0))
    )
  )

  (module Resistors_SMD:R_1206 (layer F.Cu) (tedit 58E0A804) (tstamp 59293C6F)
    (at 48 161 180)
    (descr "Resistor SMD 1206, reflow soldering, Vishay (see dcrcw.pdf)")
    (tags "resistor 1206")
    (path /5922061B)
    (attr smd)
    (fp_text reference R8 (at 0 -1.85 180) (layer F.SilkS)
      (effects (font (size 1 1) (thickness 0.15)))
    )
    (fp_text value 68 (at 0 1.95 180) (layer F.Fab)
      (effects (font (size 1 1) (thickness 0.15)))
    )
    (fp_line (start 2.15 1.1) (end -2.15 1.1) (layer F.CrtYd) (width 0.05))
    (fp_line (start 2.15 1.1) (end 2.15 -1.11) (layer F.CrtYd) (width 0.05))
    (fp_line (start -2.15 -1.11) (end -2.15 1.1) (layer F.CrtYd) (width 0.05))
    (fp_line (start -2.15 -1.11) (end 2.15 -1.11) (layer F.CrtYd) (width 0.05))
    (fp_line (start -1 -1.07) (end 1 -1.07) (layer F.SilkS) (width 0.12))
    (fp_line (start 1 1.07) (end -1 1.07) (layer F.SilkS) (width 0.12))
    (fp_line (start -1.6 -0.8) (end 1.6 -0.8) (layer F.Fab) (width 0.1))
    (fp_line (start 1.6 -0.8) (end 1.6 0.8) (layer F.Fab) (width 0.1))
    (fp_line (start 1.6 0.8) (end -1.6 0.8) (layer F.Fab) (width 0.1))
    (fp_line (start -1.6 0.8) (end -1.6 -0.8) (layer F.Fab) (width 0.1))
    (fp_text user %R (at 0 0 180) (layer F.Fab)
      (effects (font (size 0.7 0.7) (thickness 0.105)))
    )
    (pad 2 smd rect (at 1.45 0 180) (size 0.9 1.7) (layers F.Cu F.Paste F.Mask)
      (net 1 /data-))
    (pad 1 smd rect (at -1.45 0 180) (size 0.9 1.7) (layers F.Cu F.Paste F.Mask)
      (net 6 "Net-(R8-Pad1)"))
    (model ${KISYS3DMOD}/Resistors_SMD.3dshapes/R_1206.wrl
      (at (xyz 0 0 0))
      (scale (xyz 1 1 1))
      (rotate (xyz 0 0 0))
    )
  )

  (module Resistors_SMD:R_1206 (layer F.Cu) (tedit 58E0A804) (tstamp 59293C9F)
    (at 47 179 180)
    (descr "Resistor SMD 1206, reflow soldering, Vishay (see dcrcw.pdf)")
    (tags "resistor 1206")
    (path /59223B58)
    (attr smd)
    (fp_text reference R10 (at 0 -1.85 180) (layer F.SilkS)
      (effects (font (size 1 1) (thickness 0.15)))
    )
    (fp_text value 2.2K (at 0 1.95 180) (layer F.Fab)
      (effects (font (size 1 1) (thickness 0.15)))
    )
    (fp_text user %R (at 0 0 180) (layer F.Fab)
      (effects (font (size 0.7 0.7) (thickness 0.105)))
    )
    (fp_line (start -1.6 0.8) (end -1.6 -0.8) (layer F.Fab) (width 0.1))
    (fp_line (start 1.6 0.8) (end -1.6 0.8) (layer F.Fab) (width 0.1))
    (fp_line (start 1.6 -0.8) (end 1.6 0.8) (layer F.Fab) (width 0.1))
    (fp_line (start -1.6 -0.8) (end 1.6 -0.8) (layer F.Fab) (width 0.1))
    (fp_line (start 1 1.07) (end -1 1.07) (layer F.SilkS) (width 0.12))
    (fp_line (start -1 -1.07) (end 1 -1.07) (layer F.SilkS) (width 0.12))
    (fp_line (start -2.15 -1.11) (end 2.15 -1.11) (layer F.CrtYd) (width 0.05))
    (fp_line (start -2.15 -1.11) (end -2.15 1.1) (layer F.CrtYd) (width 0.05))
    (fp_line (start 2.15 1.1) (end 2.15 -1.11) (layer F.CrtYd) (width 0.05))
    (fp_line (start 2.15 1.1) (end -2.15 1.1) (layer F.CrtYd) (width 0.05))
    (pad 1 smd rect (at -1.45 0 180) (size 0.9 1.7) (layers F.Cu F.Paste F.Mask)
      (net 4 +5V))
    (pad 2 smd rect (at 1.45 0 180) (size 0.9 1.7) (layers F.Cu F.Paste F.Mask)
      (net 1 /data-))
    (model ${KISYS3DMOD}/Resistors_SMD.3dshapes/R_1206.wrl
      (at (xyz 0 0 0))
      (scale (xyz 1 1 1))
      (rotate (xyz 0 0 0))
    )
  )

  (module Resistors_SMD:R_1206 (layer F.Cu) (tedit 58E0A804) (tstamp 59293C3F)
    (at 77 183 180)
    (descr "Resistor SMD 1206, reflow soldering, Vishay (see dcrcw.pdf)")
    (tags "resistor 1206")
    (path /5921E736)
    (attr smd)
    (fp_text reference R7 (at 0 -1.85 180) (layer F.SilkS)
      (effects (font (size 1 1) (thickness 0.15)))
    )
    (fp_text value 1K (at 0 1.95 180) (layer F.Fab)
      (effects (font (size 1 1) (thickness 0.15)))
    )
    (fp_text user %R (at 0 0 180) (layer F.Fab)
      (effects (font (size 0.7 0.7) (thickness 0.105)))
    )
    (fp_line (start -1.6 0.8) (end -1.6 -0.8) (layer F.Fab) (width 0.1))
    (fp_line (start 1.6 0.8) (end -1.6 0.8) (layer F.Fab) (width 0.1))
    (fp_line (start 1.6 -0.8) (end 1.6 0.8) (layer F.Fab) (width 0.1))
    (fp_line (start -1.6 -0.8) (end 1.6 -0.8) (layer F.Fab) (width 0.1))
    (fp_line (start 1 1.07) (end -1 1.07) (layer F.SilkS) (width 0.12))
    (fp_line (start -1 -1.07) (end 1 -1.07) (layer F.SilkS) (width 0.12))
    (fp_line (start -2.15 -1.11) (end 2.15 -1.11) (layer F.CrtYd) (width 0.05))
    (fp_line (start -2.15 -1.11) (end -2.15 1.1) (layer F.CrtYd) (width 0.05))
    (fp_line (start 2.15 1.1) (end 2.15 -1.11) (layer F.CrtYd) (width 0.05))
    (fp_line (start 2.15 1.1) (end -2.15 1.1) (layer F.CrtYd) (width 0.05))
    (pad 1 smd rect (at -1.45 0 180) (size 0.9 1.7) (layers F.Cu F.Paste F.Mask)
      (net 4 +5V))
    (pad 2 smd rect (at 1.45 0 180) (size 0.9 1.7) (layers F.Cu F.Paste F.Mask)
      (net 7 "Net-(D2-Pad2)"))
    (model ${KISYS3DMOD}/Resistors_SMD.3dshapes/R_1206.wrl
      (at (xyz 0 0 0))
      (scale (xyz 1 1 1))
      (rotate (xyz 0 0 0))
    )
  )

  (module Resistors_SMD:R_1206 (layer F.Cu) (tedit 58E0A804) (tstamp 59293C0F)
    (at 48 187)
    (descr "Resistor SMD 1206, reflow soldering, Vishay (see dcrcw.pdf)")
    (tags "resistor 1206")
    (path /5921EF9C)
    (attr smd)
    (fp_text reference R6 (at 0 -1.85) (layer F.SilkS)
      (effects (font (size 1 1) (thickness 0.15)))
    )
    (fp_text value 1K (at 0 1.95) (layer F.Fab)
      (effects (font (size 1 1) (thickness 0.15)))
    )
    (fp_line (start 2.15 1.1) (end -2.15 1.1) (layer F.CrtYd) (width 0.05))
    (fp_line (start 2.15 1.1) (end 2.15 -1.11) (layer F.CrtYd) (width 0.05))
    (fp_line (start -2.15 -1.11) (end -2.15 1.1) (layer F.CrtYd) (width 0.05))
    (fp_line (start -2.15 -1.11) (end 2.15 -1.11) (layer F.CrtYd) (width 0.05))
    (fp_line (start -1 -1.07) (end 1 -1.07) (layer F.SilkS) (width 0.12))
    (fp_line (start 1 1.07) (end -1 1.07) (layer F.SilkS) (width 0.12))
    (fp_line (start -1.6 -0.8) (end 1.6 -0.8) (layer F.Fab) (width 0.1))
    (fp_line (start 1.6 -0.8) (end 1.6 0.8) (layer F.Fab) (width 0.1))
    (fp_line (start 1.6 0.8) (end -1.6 0.8) (layer F.Fab) (width 0.1))
    (fp_line (start -1.6 0.8) (end -1.6 -0.8) (layer F.Fab) (width 0.1))
    (fp_text user %R (at 0 0) (layer F.Fab)
      (effects (font (size 0.7 0.7) (thickness 0.105)))
    )
    (pad 2 smd rect (at 1.45 0) (size 0.9 1.7) (layers F.Cu F.Paste F.Mask)
      (net 8 /tx))
    (pad 1 smd rect (at -1.45 0) (size 0.9 1.7) (layers F.Cu F.Paste F.Mask)
      (net 9 "Net-(J1-Pad2)"))
    (model ${KISYS3DMOD}/Resistors_SMD.3dshapes/R_1206.wrl
      (at (xyz 0 0 0))
      (scale (xyz 1 1 1))
      (rotate (xyz 0 0 0))
    )
  )

  (module Resistors_SMD:R_1206 (layer F.Cu) (tedit 58E0A804) (tstamp 59293BDF)
    (at 84 182 270)
    (descr "Resistor SMD 1206, reflow soldering, Vishay (see dcrcw.pdf)")
    (tags "resistor 1206")
    (path /5921E769)
    (attr smd)
    (fp_text reference R1 (at 0 -1.85 270) (layer F.SilkS)
      (effects (font (size 1 1) (thickness 0.15)))
    )
    (fp_text value 10K (at 0 1.95 270) (layer F.Fab)
      (effects (font (size 1 1) (thickness 0.15)))
    )
    (fp_text user %R (at 0 0 270) (layer F.Fab)
      (effects (font (size 0.7 0.7) (thickness 0.105)))
    )
    (fp_line (start -1.6 0.8) (end -1.6 -0.8) (layer F.Fab) (width 0.1))
    (fp_line (start 1.6 0.8) (end -1.6 0.8) (layer F.Fab) (width 0.1))
    (fp_line (start 1.6 -0.8) (end 1.6 0.8) (layer F.Fab) (width 0.1))
    (fp_line (start -1.6 -0.8) (end 1.6 -0.8) (layer F.Fab) (width 0.1))
    (fp_line (start 1 1.07) (end -1 1.07) (layer F.SilkS) (width 0.12))
    (fp_line (start -1 -1.07) (end 1 -1.07) (layer F.SilkS) (width 0.12))
    (fp_line (start -2.15 -1.11) (end 2.15 -1.11) (layer F.CrtYd) (width 0.05))
    (fp_line (start -2.15 -1.11) (end -2.15 1.1) (layer F.CrtYd) (width 0.05))
    (fp_line (start 2.15 1.1) (end 2.15 -1.11) (layer F.CrtYd) (width 0.05))
    (fp_line (start 2.15 1.1) (end -2.15 1.1) (layer F.CrtYd) (width 0.05))
    (pad 1 smd rect (at -1.45 0 270) (size 0.9 1.7) (layers F.Cu F.Paste F.Mask)
      (net 4 +5V))
    (pad 2 smd rect (at 1.45 0 270) (size 0.9 1.7) (layers F.Cu F.Paste F.Mask)
      (net 11 /reset))
    (model ${KISYS3DMOD}/Resistors_SMD.3dshapes/R_1206.wrl
      (at (xyz 0 0 0))
      (scale (xyz 1 1 1))
      (rotate (xyz 0 0 0))
    )
  )

  (module Resistors_SMD:R_1206 (layer F.Cu) (tedit 58E0A804) (tstamp 59293BAF)
    (at 77 180 180)
    (descr "Resistor SMD 1206, reflow soldering, Vishay (see dcrcw.pdf)")
    (tags "resistor 1206")
    (path /5921E688)
    (attr smd)
    (fp_text reference R2 (at 0 -1.85 180) (layer F.SilkS)
      (effects (font (size 1 1) (thickness 0.15)))
    )
    (fp_text value 1K (at 0 1.95 180) (layer F.Fab)
      (effects (font (size 1 1) (thickness 0.15)))
    )
    (fp_line (start 2.15 1.1) (end -2.15 1.1) (layer F.CrtYd) (width 0.05))
    (fp_line (start 2.15 1.1) (end 2.15 -1.11) (layer F.CrtYd) (width 0.05))
    (fp_line (start -2.15 -1.11) (end -2.15 1.1) (layer F.CrtYd) (width 0.05))
    (fp_line (start -2.15 -1.11) (end 2.15 -1.11) (layer F.CrtYd) (width 0.05))
    (fp_line (start -1 -1.07) (end 1 -1.07) (layer F.SilkS) (width 0.12))
    (fp_line (start 1 1.07) (end -1 1.07) (layer F.SilkS) (width 0.12))
    (fp_line (start -1.6 -0.8) (end 1.6 -0.8) (layer F.Fab) (width 0.1))
    (fp_line (start 1.6 -0.8) (end 1.6 0.8) (layer F.Fab) (width 0.1))
    (fp_line (start 1.6 0.8) (end -1.6 0.8) (layer F.Fab) (width 0.1))
    (fp_line (start -1.6 0.8) (end -1.6 -0.8) (layer F.Fab) (width 0.1))
    (fp_text user %R (at 0 0 180) (layer F.Fab)
      (effects (font (size 0.7 0.7) (thickness 0.105)))
    )
    (pad 2 smd rect (at 1.45 0 180) (size 0.9 1.7) (layers F.Cu F.Paste F.Mask)
      (net 10 "Net-(D1-Pad2)"))
    (pad 1 smd rect (at -1.45 0 180) (size 0.9 1.7) (layers F.Cu F.Paste F.Mask)
      (net 4 +5V))
    (model ${KISYS3DMOD}/Resistors_SMD.3dshapes/R_1206.wrl
      (at (xyz 0 0 0))
      (scale (xyz 1 1 1))
      (rotate (xyz 0 0 0))
    )
  )

  (module Resistors_SMD:R_1206 (layer F.Cu) (tedit 58E0A804) (tstamp 59293B5F)
    (at 48 158 180)
    (descr "Resistor SMD 1206, reflow soldering, Vishay (see dcrcw.pdf)")
    (tags "resistor 1206")
    (path /59220794)
    (attr smd)
    (fp_text reference R9 (at 0 -1.85 180) (layer F.SilkS)
      (effects (font (size 1 1) (thickness 0.15)))
    )
    (fp_text value 68 (at 0 1.95 180) (layer F.Fab)
      (effects (font (size 1 1) (thickness 0.15)))
    )
    (fp_line (start 2.15 1.1) (end -2.15 1.1) (layer F.CrtYd) (width 0.05))
    (fp_line (start 2.15 1.1) (end 2.15 -1.11) (layer F.CrtYd) (width 0.05))
    (fp_line (start -2.15 -1.11) (end -2.15 1.1) (layer F.CrtYd) (width 0.05))
    (fp_line (start -2.15 -1.11) (end 2.15 -1.11) (layer F.CrtYd) (width 0.05))
    (fp_line (start -1 -1.07) (end 1 -1.07) (layer F.SilkS) (width 0.12))
    (fp_line (start 1 1.07) (end -1 1.07) (layer F.SilkS) (width 0.12))
    (fp_line (start -1.6 -0.8) (end 1.6 -0.8) (layer F.Fab) (width 0.1))
    (fp_line (start 1.6 -0.8) (end 1.6 0.8) (layer F.Fab) (width 0.1))
    (fp_line (start 1.6 0.8) (end -1.6 0.8) (layer F.Fab) (width 0.1))
    (fp_line (start -1.6 0.8) (end -1.6 -0.8) (layer F.Fab) (width 0.1))
    (fp_text user %R (at 0 0 180) (layer F.Fab)
      (effects (font (size 0.7 0.7) (thickness 0.105)))
    )
    (pad 2 smd rect (at 1.45 0 180) (size 0.9 1.7) (layers F.Cu F.Paste F.Mask)
      (net 3 /data+))
    (pad 1 smd rect (at -1.45 0 180) (size 0.9 1.7) (layers F.Cu F.Paste F.Mask)
      (net 5 "Net-(R9-Pad1)"))
    (model ${KISYS3DMOD}/Resistors_SMD.3dshapes/R_1206.wrl
      (at (xyz 0 0 0))
      (scale (xyz 1 1 1))
      (rotate (xyz 0 0 0))
    )
  )

  (module Connectors_Molex:Molex_KK-6410-04_04x2.54mm_Straight (layer B.Cu) (tedit 58EE6EE8) (tstamp 59282CD6)
    (at 29 180 90)
    (descr "Connector Headers with Friction Lock, 22-27-2041, http://www.molex.com/pdm_docs/sd/022272021_sd.pdf")
    (tags "connector molex kk_6410 22-27-2041")
    (path /59276614)
    (fp_text reference J3 (at 1 4.5 90) (layer B.SilkS)
      (effects (font (size 1 1) (thickness 0.15)) (justify mirror))
    )
    (fp_text value CONN_01X04 (at 3.81 -4.5 90) (layer B.Fab)
      (effects (font (size 1 1) (thickness 0.15)) (justify mirror))
    )
    (fp_text user %R (at 3.81 0 90) (layer B.Fab)
      (effects (font (size 1 1) (thickness 0.15)) (justify mirror))
    )
    (fp_line (start 9.5 -3.5) (end -1.9 -3.5) (layer B.CrtYd) (width 0.05))
    (fp_line (start 9.5 3.55) (end 9.5 -3.5) (layer B.CrtYd) (width 0.05))
    (fp_line (start -1.9 3.55) (end 9.5 3.55) (layer B.CrtYd) (width 0.05))
    (fp_line (start -1.9 -3.5) (end -1.9 3.55) (layer B.CrtYd) (width 0.05))
    (fp_line (start 8.42 2.4) (end 8.42 3.02) (layer B.SilkS) (width 0.12))
    (fp_line (start 6.82 2.4) (end 8.42 2.4) (layer B.SilkS) (width 0.12))
    (fp_line (start 6.82 3.02) (end 6.82 2.4) (layer B.SilkS) (width 0.12))
    (fp_line (start 5.88 2.4) (end 5.88 3.02) (layer B.SilkS) (width 0.12))
    (fp_line (start 4.28 2.4) (end 5.88 2.4) (layer B.SilkS) (width 0.12))
    (fp_line (start 4.28 3.02) (end 4.28 2.4) (layer B.SilkS) (width 0.12))
    (fp_line (start 3.34 2.4) (end 3.34 3.02) (layer B.SilkS) (width 0.12))
    (fp_line (start 1.74 2.4) (end 3.34 2.4) (layer B.SilkS) (width 0.12))
    (fp_line (start 1.74 3.02) (end 1.74 2.4) (layer B.SilkS) (width 0.12))
    (fp_line (start 0.8 2.4) (end 0.8 3.02) (layer B.SilkS) (width 0.12))
    (fp_line (start -0.8 2.4) (end 0.8 2.4) (layer B.SilkS) (width 0.12))
    (fp_line (start -0.8 3.02) (end -0.8 2.4) (layer B.SilkS) (width 0.12))
    (fp_line (start 7.37 -2.98) (end 7.37 -1.98) (layer B.SilkS) (width 0.12))
    (fp_line (start 0.25 -2.98) (end 0.25 -1.98) (layer B.SilkS) (width 0.12))
    (fp_line (start 7.37 -1.55) (end 7.62 -1.98) (layer B.SilkS) (width 0.12))
    (fp_line (start 0.25 -1.55) (end 7.37 -1.55) (layer B.SilkS) (width 0.12))
    (fp_line (start 0 -1.98) (end 0.25 -1.55) (layer B.SilkS) (width 0.12))
    (fp_line (start 7.62 -1.98) (end 7.62 -2.98) (layer B.SilkS) (width 0.12))
    (fp_line (start 0 -1.98) (end 7.62 -1.98) (layer B.SilkS) (width 0.12))
    (fp_line (start 0 -2.98) (end 0 -1.98) (layer B.SilkS) (width 0.12))
    (fp_line (start 8.99 3.02) (end -1.37 3.02) (layer B.SilkS) (width 0.12))
    (fp_line (start 8.99 -2.98) (end 8.99 3.02) (layer B.SilkS) (width 0.12))
    (fp_line (start -1.37 -2.98) (end 8.99 -2.98) (layer B.SilkS) (width 0.12))
    (fp_line (start -1.37 3.02) (end -1.37 -2.98) (layer B.SilkS) (width 0.12))
    (fp_line (start 9.09 3.12) (end -1.47 3.12) (layer B.Fab) (width 0.12))
    (fp_line (start 9.09 -3.08) (end 9.09 3.12) (layer B.Fab) (width 0.12))
    (fp_line (start -1.47 -3.08) (end 9.09 -3.08) (layer B.Fab) (width 0.12))
    (fp_line (start -1.47 3.12) (end -1.47 -3.08) (layer B.Fab) (width 0.12))
    (pad 4 thru_hole oval (at 7.62 0 90) (size 2 2.6) (drill 1.2) (layers *.Cu *.Mask)
      (net 2 GND))
    (pad 3 thru_hole oval (at 5.08 0 90) (size 2 2.6) (drill 1.2) (layers *.Cu *.Mask)
      (net 3 /data+))
    (pad 2 thru_hole oval (at 2.54 0 90) (size 2 2.6) (drill 1.2) (layers *.Cu *.Mask)
      (net 1 /data-))
    (pad 1 thru_hole rect (at 0 0 90) (size 2 2.6) (drill 1.2) (layers *.Cu *.Mask)
      (net 4 +5V))
    (model ${KISYS3DMOD}/Connectors_Molex.3dshapes/Molex_KK-6410-04_04x2.54mm_Straight.wrl
      (at (xyz 0 0 0))
      (scale (xyz 1 1 1))
      (rotate (xyz 0 0 0))
    )
  )

  (module Crystals:Crystal_HC50_Vertical (layer B.Cu) (tedit 592720E4) (tstamp 59279B21)
    (at 42 171)
    (descr "Crystal THT HC-50, http://www.crovencrystals.com/croven_pdf/HC-50_Crystal_Holder_Rev_00.pdf")
    (tags "THT crystalHC-50")
    (path /5921ED43)
    (fp_text reference Y1 (at 2.45 3.525) (layer B.SilkS)
      (effects (font (size 1 1) (thickness 0.15)) (justify mirror))
    )
    (fp_text value 12MHz (at 2.45 -3.525) (layer B.Fab)
      (effects (font (size 1 1) (thickness 0.15)) (justify mirror))
    )
    (fp_arc (start 5.65 0) (end 5.65 2.525) (angle -180) (layer B.SilkS) (width 0.12))
    (fp_arc (start -0.75 0) (end -0.75 2.525) (angle 180) (layer B.SilkS) (width 0.12))
    (fp_arc (start 5.65 0) (end 5.65 1.9) (angle -180) (layer B.Fab) (width 0.1))
    (fp_arc (start -0.75 0) (end -0.75 1.9) (angle 180) (layer B.Fab) (width 0.1))
    (fp_arc (start 5.65 0) (end 5.65 2.325) (angle -180) (layer B.Fab) (width 0.1))
    (fp_arc (start -0.75 0) (end -0.75 2.325) (angle 180) (layer B.Fab) (width 0.1))
    (fp_line (start 8.5 2.8) (end -3.6 2.8) (layer B.CrtYd) (width 0.05))
    (fp_line (start 8.5 -2.8) (end 8.5 2.8) (layer B.CrtYd) (width 0.05))
    (fp_line (start -3.6 -2.8) (end 8.5 -2.8) (layer B.CrtYd) (width 0.05))
    (fp_line (start -3.6 2.8) (end -3.6 -2.8) (layer B.CrtYd) (width 0.05))
    (fp_line (start -0.75 -2.525) (end 5.65 -2.525) (layer B.SilkS) (width 0.12))
    (fp_line (start -0.75 2.525) (end 5.65 2.525) (layer B.SilkS) (width 0.12))
    (fp_line (start -0.75 -1.9) (end 5.65 -1.9) (layer B.Fab) (width 0.1))
    (fp_line (start -0.75 1.9) (end 5.65 1.9) (layer B.Fab) (width 0.1))
    (fp_line (start -0.75 -2.325) (end 5.65 -2.325) (layer B.Fab) (width 0.1))
    (fp_line (start -0.75 2.325) (end 5.65 2.325) (layer B.Fab) (width 0.1))
    (fp_text user %R (at 2.45 0) (layer B.Fab)
      (effects (font (size 1 1) (thickness 0.15)) (justify mirror))
    )
    (pad 2 thru_hole circle (at 4.9 0) (size 2.3 2.3) (drill 1) (layers *.Cu *.Mask)
      (net 21 "Net-(C2-Pad1)"))
    (pad 1 thru_hole circle (at 0 0) (size 2.3 2.3) (drill 1) (layers *.Cu *.Mask)
      (net 22 "Net-(C1-Pad1)"))
    (model ${KISYS3DMOD}/Crystals.3dshapes/Crystal_HC50_Vertical.wrl
      (at (xyz 0 0 0))
      (scale (xyz 0.393701 0.393701 0.393701))
      (rotate (xyz 0 0 0))
    )
  )

  (module Capacitors_SMD:C_0805_HandSoldering (layer F.Cu) (tedit 58AA84A8) (tstamp 59279F4E)
    (at 47.75 166 180)
    (descr "Capacitor SMD 0805, hand soldering")
    (tags "capacitor 0805")
    (path /5921EB8A)
    (attr smd)
    (fp_text reference C2 (at 0 -1.75 180) (layer F.SilkS)
      (effects (font (size 1 1) (thickness 0.15)))
    )
    (fp_text value 22p (at 0 1.75 180) (layer F.Fab)
      (effects (font (size 1 1) (thickness 0.15)))
    )
    (fp_line (start 2.25 0.87) (end -2.25 0.87) (layer F.CrtYd) (width 0.05))
    (fp_line (start 2.25 0.87) (end 2.25 -0.88) (layer F.CrtYd) (width 0.05))
    (fp_line (start -2.25 -0.88) (end -2.25 0.87) (layer F.CrtYd) (width 0.05))
    (fp_line (start -2.25 -0.88) (end 2.25 -0.88) (layer F.CrtYd) (width 0.05))
    (fp_line (start -0.5 0.85) (end 0.5 0.85) (layer F.SilkS) (width 0.12))
    (fp_line (start 0.5 -0.85) (end -0.5 -0.85) (layer F.SilkS) (width 0.12))
    (fp_line (start -1 -0.62) (end 1 -0.62) (layer F.Fab) (width 0.1))
    (fp_line (start 1 -0.62) (end 1 0.62) (layer F.Fab) (width 0.1))
    (fp_line (start 1 0.62) (end -1 0.62) (layer F.Fab) (width 0.1))
    (fp_line (start -1 0.62) (end -1 -0.62) (layer F.Fab) (width 0.1))
    (fp_text user %R (at 0 -1.75 180) (layer F.Fab)
      (effects (font (size 1 1) (thickness 0.15)))
    )
    (pad 2 smd rect (at 1.25 0 180) (size 1.5 1.25) (layers F.Cu F.Paste F.Mask)
      (net 2 GND))
    (pad 1 smd rect (at -1.25 0 180) (size 1.5 1.25) (layers F.Cu F.Paste F.Mask)
      (net 21 "Net-(C2-Pad1)"))
    (model Capacitors_SMD.3dshapes/C_0805.wrl
      (at (xyz 0 0 0))
      (scale (xyz 1 1 1))
      (rotate (xyz 0 0 0))
    )
  )

  (module Capacitors_SMD:C_0805_HandSoldering (layer F.Cu) (tedit 58AA84A8) (tstamp 59279F1D)
    (at 75 175.25 270)
    (descr "Capacitor SMD 0805, hand soldering")
    (tags "capacitor 0805")
    (path /5921E9C8)
    (attr smd)
    (fp_text reference C3 (at 0 -1.75 270) (layer F.SilkS)
      (effects (font (size 1 1) (thickness 0.15)))
    )
    (fp_text value 0.1u (at 0 1.75 270) (layer F.Fab)
      (effects (font (size 1 1) (thickness 0.15)))
    )
    (fp_text user %R (at 0 -1.75 270) (layer F.Fab)
      (effects (font (size 1 1) (thickness 0.15)))
    )
    (fp_line (start -1 0.62) (end -1 -0.62) (layer F.Fab) (width 0.1))
    (fp_line (start 1 0.62) (end -1 0.62) (layer F.Fab) (width 0.1))
    (fp_line (start 1 -0.62) (end 1 0.62) (layer F.Fab) (width 0.1))
    (fp_line (start -1 -0.62) (end 1 -0.62) (layer F.Fab) (width 0.1))
    (fp_line (start 0.5 -0.85) (end -0.5 -0.85) (layer F.SilkS) (width 0.12))
    (fp_line (start -0.5 0.85) (end 0.5 0.85) (layer F.SilkS) (width 0.12))
    (fp_line (start -2.25 -0.88) (end 2.25 -0.88) (layer F.CrtYd) (width 0.05))
    (fp_line (start -2.25 -0.88) (end -2.25 0.87) (layer F.CrtYd) (width 0.05))
    (fp_line (start 2.25 0.87) (end 2.25 -0.88) (layer F.CrtYd) (width 0.05))
    (fp_line (start 2.25 0.87) (end -2.25 0.87) (layer F.CrtYd) (width 0.05))
    (pad 1 smd rect (at -1.25 0 270) (size 1.5 1.25) (layers F.Cu F.Paste F.Mask)
      (net 4 +5V))
    (pad 2 smd rect (at 1.25 0 270) (size 1.5 1.25) (layers F.Cu F.Paste F.Mask)
      (net 2 GND))
    (model Capacitors_SMD.3dshapes/C_0805.wrl
      (at (xyz 0 0 0))
      (scale (xyz 1 1 1))
      (rotate (xyz 0 0 0))
    )
  )

  (module Capacitors_SMD:C_0805_HandSoldering (layer F.Cu) (tedit 58AA84A8) (tstamp 59279EEC)
    (at 42.25 166)
    (descr "Capacitor SMD 0805, hand soldering")
    (tags "capacitor 0805")
    (path /5921EB2A)
    (attr smd)
    (fp_text reference C1 (at 0 -1.75) (layer F.SilkS)
      (effects (font (size 1 1) (thickness 0.15)))
    )
    (fp_text value 22p (at 0 1.75) (layer F.Fab)
      (effects (font (size 1 1) (thickness 0.15)))
    )
    (fp_line (start 2.25 0.87) (end -2.25 0.87) (layer F.CrtYd) (width 0.05))
    (fp_line (start 2.25 0.87) (end 2.25 -0.88) (layer F.CrtYd) (width 0.05))
    (fp_line (start -2.25 -0.88) (end -2.25 0.87) (layer F.CrtYd) (width 0.05))
    (fp_line (start -2.25 -0.88) (end 2.25 -0.88) (layer F.CrtYd) (width 0.05))
    (fp_line (start -0.5 0.85) (end 0.5 0.85) (layer F.SilkS) (width 0.12))
    (fp_line (start 0.5 -0.85) (end -0.5 -0.85) (layer F.SilkS) (width 0.12))
    (fp_line (start -1 -0.62) (end 1 -0.62) (layer F.Fab) (width 0.1))
    (fp_line (start 1 -0.62) (end 1 0.62) (layer F.Fab) (width 0.1))
    (fp_line (start 1 0.62) (end -1 0.62) (layer F.Fab) (width 0.1))
    (fp_line (start -1 0.62) (end -1 -0.62) (layer F.Fab) (width 0.1))
    (fp_text user %R (at 0 -1.75) (layer F.Fab)
      (effects (font (size 1 1) (thickness 0.15)))
    )
    (pad 2 smd rect (at 1.25 0) (size 1.5 1.25) (layers F.Cu F.Paste F.Mask)
      (net 2 GND))
    (pad 1 smd rect (at -1.25 0) (size 1.5 1.25) (layers F.Cu F.Paste F.Mask)
      (net 22 "Net-(C1-Pad1)"))
    (model Capacitors_SMD.3dshapes/C_0805.wrl
      (at (xyz 0 0 0))
      (scale (xyz 1 1 1))
      (rotate (xyz 0 0 0))
    )
  )

  (module Capacitors_THT:CP_Radial_D4.0mm_P2.00mm (layer F.Cu) (tedit 5920C256) (tstamp 59279DFF)
    (at 69 174 270)
    (descr "CP, Radial series, Radial, pin pitch=2.00mm, , diameter=4mm, Electrolytic Capacitor")
    (tags "CP Radial series Radial pin pitch 2.00mm  diameter 4mm Electrolytic Capacitor")
    (path /5921E92D)
    (fp_text reference C4 (at 1 -3.06 270) (layer F.SilkS)
      (effects (font (size 1 1) (thickness 0.15)))
    )
    (fp_text value 4.7u (at 1 3.06 270) (layer F.Fab)
      (effects (font (size 1 1) (thickness 0.15)))
    )
    (fp_arc (start 1 0) (end 2.938995 -0.78) (angle 43.8) (layer F.SilkS) (width 0.12))
    (fp_arc (start 1 0) (end -0.938995 0.78) (angle -136.2) (layer F.SilkS) (width 0.12))
    (fp_arc (start 1 0) (end -0.938995 -0.78) (angle 136.2) (layer F.SilkS) (width 0.12))
    (fp_circle (center 1 0) (end 3 0) (layer F.Fab) (width 0.1))
    (fp_line (start 3.35 -2.35) (end -1.35 -2.35) (layer F.CrtYd) (width 0.05))
    (fp_line (start 3.35 2.35) (end 3.35 -2.35) (layer F.CrtYd) (width 0.05))
    (fp_line (start -1.35 2.35) (end 3.35 2.35) (layer F.CrtYd) (width 0.05))
    (fp_line (start -1.35 -2.35) (end -1.35 2.35) (layer F.CrtYd) (width 0.05))
    (fp_line (start -1.25 -0.45) (end -1.25 0.45) (layer F.SilkS) (width 0.12))
    (fp_line (start -1.7 0) (end -0.8 0) (layer F.SilkS) (width 0.12))
    (fp_line (start 3.081 -0.165) (end 3.081 0.165) (layer F.SilkS) (width 0.12))
    (fp_line (start 3.041 -0.415) (end 3.041 0.415) (layer F.SilkS) (width 0.12))
    (fp_line (start 3.001 -0.567) (end 3.001 0.567) (layer F.SilkS) (width 0.12))
    (fp_line (start 2.961 -0.686) (end 2.961 0.686) (layer F.SilkS) (width 0.12))
    (fp_line (start 2.921 -0.786) (end 2.921 0.786) (layer F.SilkS) (width 0.12))
    (fp_line (start 2.881 -0.874) (end 2.881 0.874) (layer F.SilkS) (width 0.12))
    (fp_line (start 2.841 -0.952) (end 2.841 0.952) (layer F.SilkS) (width 0.12))
    (fp_line (start 2.801 -1.023) (end 2.801 1.023) (layer F.SilkS) (width 0.12))
    (fp_line (start 2.761 0.78) (end 2.761 1.088) (layer F.SilkS) (width 0.12))
    (fp_line (start 2.761 -1.088) (end 2.761 -0.78) (layer F.SilkS) (width 0.12))
    (fp_line (start 2.721 0.78) (end 2.721 1.148) (layer F.SilkS) (width 0.12))
    (fp_line (start 2.721 -1.148) (end 2.721 -0.78) (layer F.SilkS) (width 0.12))
    (fp_line (start 2.681 0.78) (end 2.681 1.204) (layer F.SilkS) (width 0.12))
    (fp_line (start 2.681 -1.204) (end 2.681 -0.78) (layer F.SilkS) (width 0.12))
    (fp_line (start 2.641 0.78) (end 2.641 1.256) (layer F.SilkS) (width 0.12))
    (fp_line (start 2.641 -1.256) (end 2.641 -0.78) (layer F.SilkS) (width 0.12))
    (fp_line (start 2.601 0.78) (end 2.601 1.305) (layer F.SilkS) (width 0.12))
    (fp_line (start 2.601 -1.305) (end 2.601 -0.78) (layer F.SilkS) (width 0.12))
    (fp_line (start 2.561 0.78) (end 2.561 1.351) (layer F.SilkS) (width 0.12))
    (fp_line (start 2.561 -1.351) (end 2.561 -0.78) (layer F.SilkS) (width 0.12))
    (fp_line (start 2.521 0.78) (end 2.521 1.395) (layer F.SilkS) (width 0.12))
    (fp_line (start 2.521 -1.395) (end 2.521 -0.78) (layer F.SilkS) (width 0.12))
    (fp_line (start 2.481 0.78) (end 2.481 1.436) (layer F.SilkS) (width 0.12))
    (fp_line (start 2.481 -1.436) (end 2.481 -0.78) (layer F.SilkS) (width 0.12))
    (fp_line (start 2.441 0.78) (end 2.441 1.475) (layer F.SilkS) (width 0.12))
    (fp_line (start 2.441 -1.475) (end 2.441 -0.78) (layer F.SilkS) (width 0.12))
    (fp_line (start 2.401 0.78) (end 2.401 1.512) (layer F.SilkS) (width 0.12))
    (fp_line (start 2.401 -1.512) (end 2.401 -0.78) (layer F.SilkS) (width 0.12))
    (fp_line (start 2.361 0.78) (end 2.361 1.547) (layer F.SilkS) (width 0.12))
    (fp_line (start 2.361 -1.547) (end 2.361 -0.78) (layer F.SilkS) (width 0.12))
    (fp_line (start 2.321 0.78) (end 2.321 1.581) (layer F.SilkS) (width 0.12))
    (fp_line (start 2.321 -1.581) (end 2.321 -0.78) (layer F.SilkS) (width 0.12))
    (fp_line (start 2.281 0.78) (end 2.281 1.613) (layer F.SilkS) (width 0.12))
    (fp_line (start 2.281 -1.613) (end 2.281 -0.78) (layer F.SilkS) (width 0.12))
    (fp_line (start 2.241 0.78) (end 2.241 1.643) (layer F.SilkS) (width 0.12))
    (fp_line (start 2.241 -1.643) (end 2.241 -0.78) (layer F.SilkS) (width 0.12))
    (fp_line (start 2.201 0.78) (end 2.201 1.672) (layer F.SilkS) (width 0.12))
    (fp_line (start 2.201 -1.672) (end 2.201 -0.78) (layer F.SilkS) (width 0.12))
    (fp_line (start 2.161 0.78) (end 2.161 1.699) (layer F.SilkS) (width 0.12))
    (fp_line (start 2.161 -1.699) (end 2.161 -0.78) (layer F.SilkS) (width 0.12))
    (fp_line (start 2.121 0.78) (end 2.121 1.725) (layer F.SilkS) (width 0.12))
    (fp_line (start 2.121 -1.725) (end 2.121 -0.78) (layer F.SilkS) (width 0.12))
    (fp_line (start 2.081 0.78) (end 2.081 1.75) (layer F.SilkS) (width 0.12))
    (fp_line (start 2.081 -1.75) (end 2.081 -0.78) (layer F.SilkS) (width 0.12))
